l
0 0 0 100 0 0
l
100 0 0 100 100 0
l
100 100 0 0 100 0
l
0 100 0 0 0 0
l
0 0 100 100 0 100
l
100 0 100 100 100 100
l
100 100 100 0 100 100
l
0 100 100 0 0 100
l
0 0 0 0 0 100
l
0 100 0 0 100 100
l
100 100 0 100 100 100
l
100 0 0 100 0 100
v
i
t
100 100 0
a
v
i
z
20
x
20
y
-20
a
v
i
s
1.5 1.5 1.5
a
v
i
y
-15
a
v
l
0 0 0 100 0 0
l
100 0 0 100 100 0
l
100 100 0 0 100 0
l
0 100 0 0 0 0
l
0 0 100 100 0 100
l
100 0 100 100 100 100
l
100 100 100 0 100 100
l
0 100 100 0 0 100
l
0 0 0 0 0 100
l
0 100 0 0 100 100
l
100 100 0 100 100 100
l
100 0 0 100 0 100
v
i
t
100 100 0
a
v
i
z
20
x
20
y
-20
a
v
i
s
.5 .5 .5
a
v
i
y
-15
a
v
g
pic.png